0.981 0.991 0.998 0.984 0.971 0.995 0.979 0.990
0.981 0.991 0.998 0.984 0.971 0.995 0.979 0.990
0.981 0.991 0.998 0.984 0.971 0.995 0.979 0.990
0.981 0.991 0.998 0.984 0.971 0.995 0.979 0.990
0.981 0.991 0.998 0.984 0.971 0.995 0.979 0.990
0.981 0.991 0.998 0.984 0.971 0.995 0.979 0.990
0.981 0.991 0.998 0.984 0.971 0.995 0.979 0.990
0.981 0.991 0.998 0.984 0.971 0.995 0.979 0.990
0.981 0.991 0.998 0.984 0.971 0.995 0.979 0.990
0.981 0.991 0.998 0.984 0.971 0.995 0.979 0.990
0.981 0.991 0.998 0.984 0.971 0.995 0.979 0.990
0.981 0.991 0.998 0.984 0.971 0.995 0.979 0.990
0.981 0.991 0.998 0.984 0.971 0.995 0.979 0.990
0.981 0.991 0.998 0.984 0.971 0.995 0.979 0.990
0.981 0.991 0.998 0.984 0.971 0.995 0.979 0.990
0.981 0.991 0.998 0.984 0.971 0.995 0.979 0.990
0.981 0.991 0.998 0.984 0.971 0.995 0.979 0.990
0.981 0.991 0.998 0.984 0.971 0.995 0.979 0.990
0.981 0.991 0.998 0.984 0.971 0.995 0.979 0.990
0.981 0.991 0.998 0.984 0.971 0.995 0.979 0.990
0.981 0.991 0.998 0.984 0.971 0.995 0.979 0.990
0.981 0.991 0.998 0.984 0.971 0.995 0.979 0.990
0.981 0.991 0.998 0.984 0.971 0.995 0.979 0.990
0.981 0.991 0.998 0.984 0.971 0.995 0.979 0.990
0.981 0.991 0.998 0.984 0.971 0.995 0.979 0.990
