229
275
140
361
329
108
282
268
340
151
131
306
356
139
308
330
194
352
348
247
300
143
395
31
284
365
264
298
303
201
40
362
379
388
33
16
397
37
126
307
364
30
112
381
53
44
225
180
358
338
374
346
367
193
342
270
188
351
272
294
55
106
147
235
383
62
211
203
26
206
273
80
218
50
301
366
73
250
321
305
5
78
189
227
86
244
133
60
135
309
236
332
39
173
3
154
210
292
81
87
353
368
337
178
65
271
318
74
114
208
256
13
70
190
14
11
90
232
254
336
253
226
149
313
123
266
291
92
239
327
219
230
204
36
89
170
199
357
2
163
64
221
7
150
152
25
144
323
315
349
359
116
386
217
265
304
67
159
209
233
157
54
75
113
314
115
83
124
286
345
27
279
42
121
224
69
153
169
237
245
392
66
141
23
120
355
255
274
99
132
316
128
182
21
17
127
174
216
324
197
202
258
129
288
398
122
52
296
102
142
384
167
35
104
186
260
88
138
175
191
382
389
49
222
339
228
105
91
22
394
46
213
269
98
310
360
172
223
295
331
111
195
24
77
117
369
28
184
293
263
363
370
72
136
19
375
242
312
259
380
71
207
110
376
56
94
393
96
165
48
196
267
10
333
280
146
372
61
187
176
328
249
261
326
377
334
76
390
322
325
341
347
79
281
32
145
171
401
185
85
344
220
399
97
41
319
158
155
335
378
243
248
278
107
214
354
118
156
57
252
29
299
205
125
109
289
18
134
8
119
166
251
320
82
287
15
181
43
164
200
371
257
93
20
84
101
311
59
160
6
262
51
238
47
240
148
391
68
246
103
168
130
161
302
198
276
400
373
241
290
177
350
4
385
283
192
58
234
215
12
212
95
38
1
396
9
63
343
285
387
179
297
100
402
45
137
34
231
317
277
183
162
